421 242 252 478
205 784 487 700 12 198 254
544 375 301 869
465 770 269 468 570 557 715 543 747 33 605 361
532 598 495 740 115 575 542 944 400 331 830
85 135 76 414
22 25 699 476 450 370 177 51 887 702 700 353 568
596 831 209 854 125 662 894 873 723 490 388 662 165
154 959 495 335 712 309 409 394 429
845 759 173 41 368 106 147 270 304 144
7 833 284 982 820 759 540
429 55 946 769 260 43 176 106 616
783 259 676 411 253 531 840 567 816 173 693 678 980 639 468 970
713 531 383 83 52 563 569 346 907 985 65 508 942
535 283 42 693 829 958 975 333 296
713 611 123 307 45 556 381 578 950 88 262 676 709 13 345 879
24 700 774 446 846 217 722 721
911 45 1000 816 945 956 702 270 187
478 981 876 944
440 499 788 843 984 796 227
416 786 184 397 569 694
651 33 286 506 627 851 758 749 836 293 148 123 823 410 460 568
460 437 925 189 179 302 570 933 770 154
685 141 405
436 903 583 499 426 177 237 299 985 522 450 487 582 565
970 272 141 267 342 744
534 352 973 757 756 756 906 902 450 859 804 430 58 909 965
311 423 432 391 383 435 455
116 968 727 363 431 445
941 988 30 94 745 820
770 765 293 460 91 150 481 394 553 890
563 258 657 746 37 119 305 809 41 994 88
977 109 152 286 711 152
364 125 174 269 864 870 807
470 447 379 571
169 887 808 269 834 167 323 858 612 873 624 288
292 524 914 179 333 185 403 629 348 883 449 288
878 465 88 367 294 487 934 3 349 605 352 332
144 57 631 180 491 200 716 439 754 54
198 280 407 144 558 647 557 42 156 789
702 141 927 245 246 849
479 446 921 980 366 241 623 731 276 790
941 873 124 878 805 527 20 927 665 43
240 600 455 440 824 273
141 472 368 392 15 541 460 659 522 773
387 478 259 448 684 719 750 764 536 682 457 877 586 938 463
170 235 781 903 836
620 864 329 683 815 732
835 731 158 603 858 650 49 27 178 456
821 479 250 108 904 924 390 639 191 34 211 730 427 90
514 672 72 676 858 431 219
660 194 525 589 412 559 353 620 591 331 930 377 798
898 488 326 704 384 345 421 34
520 730 142 746 912 175
777 731 841 263 878
146 868 537 624 242 944 260 813 119
119 464 89 666 988 655 437 509 469 464 660 386 902 129 610
867 267 784 582 508 863 880 745 282
28 540 482 980 723 681 728 547 35 51 972 743 166 53 936 190
181 561 841 860 451 628 621 137 284 689 334 855 871 877
196 348 523 113 48 909 267
740 65 541 728 172 736 301
836 641 993 962 987
938 32 723 154 524 140 402 647 290 28 645 333 242 756
509 562 112 712 660 556 192 491 190 78 445 196
679 228 466 850 4 585
799 291 92 210 109 91 152 526 356
132 247 542 812 263 417
468 272 365
427 333 960 899 899 242 407 404
434 110 476 778
542 948 989 438 432 52 200 105 15 295 356 1 324
562 3 632 898 433 765 86 606 574 193 957 328 624 323 995
820 350 303 620 966 421 942
303 891 512 832 381 526 277 913 909 938 184 761 414 687
923 987 612
476 553 92 602 256 106 412 657 375 363 388 127
489 458 989 317 605 874 43 956 318 350 646 651 568
873 223 947 899 516 81 996 618 9 994 438 367
592 603 83 956 742 211 418 790 724 499 958 211 129 896
621 20 555 85
655 413 850 283
421 161 261 829 52 631 178 933 22 633 46 944 927 329 127
903 622 676 302 756 939
517 697 89 29 723 821 819 47 32 176 107 783 49
120 582 860 687 762 163
306 57 677
582 73 369 988 301
978 903 126 760 593 171 32 363 859 912 301 637 521 218 593
21 584 969 618 767 927 415 331 253
666 304 132 538 595 301 983 454 841 451
649 45 842 400
700 39 235 733
422 91 65 419 349 407 919 759 984 702 479
204 912 298 784
634 174 450 839 245 908 949 652 120 193 142 763 635 653
180 551 38 785 765 173 623 881 641 507 52 94
753 100 546
567 952 934 994 333 548 120 648
673 26 529 706 385 884 499 141 390 312 10 601 951 478
0